64 electrodes
n layers 1
height 2.0
1 0.000000 0.000000 95.000000 6.500000
2 18.883255 2.685140 91.876675 6.500000
3 7.570968 23.400564 89.746655 6.500000
4 -11.210080 20.637081 90.222284 6.500000
5 -18.867472 -2.670607 91.882557 6.500000
6 -7.591049 -22.817012 89.984698 6.500000
7 11.230510 -20.172308 90.386707 6.500000
8 35.575672 10.049469 82.657932 6.500000
9 23.016514 35.004559 78.797672 6.500000
10 3.490725 45.494073 75.397040 6.500000
11 -16.769917 40.345352 77.214970 6.500000
12 -32.562999 19.658047 81.876184 6.500000
13 -35.598154 -9.943363 82.662990 6.500000
14 -23.214808 -33.899611 79.476536 6.500000
15 -3.558523 -43.934785 76.861429 6.500000
16 16.993493 -38.993002 78.244400 6.500000
17 32.612495 -19.248417 82.000635 6.500000
18 49.055402 20.878097 66.817988 6.500000
19 34.659803 45.220100 61.779589 6.500000
20 15.776187 57.887479 57.002135 6.500000
21 -3.469301 60.669866 55.677619 6.500000
22 -22.731319 54.594052 58.428584 6.500000
23 -40.768350 37.732582 63.827858 6.500000
24 -51.622568 9.940202 67.755453 6.500000
25 -49.140254 -20.443291 66.933563 6.500000
26 -35.288840 -43.746165 62.900820 6.500000
27 -16.419587 -56.228939 59.326853 6.500000
28 3.635907 -59.073005 58.351421 6.500000
29 23.491465 -52.921519 60.382464 6.500000
30 41.189223 -36.558947 64.486786 6.500000
31 51.632335 -9.834446 67.768272 6.500000
32 57.695072 33.634045 43.234539 6.500000
33 41.435775 54.354843 39.115757 6.500000
34 23.304036 65.546119 35.503477 6.500000
35 5.875529 69.872691 33.710596 6.500000
36 -11.238714 68.976224 34.479677 6.500000
37 -28.729064 62.687770 37.358815 6.500000
38 -46.920026 49.031713 40.442234 6.500000
39 -61.384630 25.261246 44.220940 6.500000
40 -65.726435 -4.696716 45.370307 6.500000
41 -58.093706 -32.694600 43.533260 6.500000
42 -42.542770 -52.678082 40.851372 6.500000
43 -24.678181 -64.126069 38.080867 6.500000
44 -6.329643 -69.014012 36.316060 6.500000
45 12.023036 -68.170306 36.563820 6.500000
46 30.392524 -61.515189 38.360892 6.500000
47 47.969889 -47.522181 41.347152 6.500000
48 61.301640 -24.385696 45.183737 6.500000
49 65.425051 4.652277 46.071141 6.500000
50 59.323728 43.543436 18.341076 6.500000
51 35.615647 64.815858 15.791746 6.500000
52 12.604295 73.075700 14.222459 6.500000
53 -8.916613 73.682609 13.663986 6.500000
54 -31.703471 67.000027 14.491374 6.500000
55 -55.637293 48.265766 17.909226 6.500000
56 -72.078816 13.549188 19.869465 6.500000
57 -68.654139 -25.974923 19.496488 6.500000
58 -49.525113 -54.695879 17.023548 6.500000
59 -25.637963 -69.410765 15.505189 6.500000
60 -1.958312 -73.992743 15.317714 6.500000
61 21.654222 -70.717053 15.779691 6.500000
62 45.531766 -58.015332 17.278725 6.500000
63 66.274897 -32.009078 18.270624 6.500000
64 73.142499 6.838955 19.143164 6.500000
